1,77,2
1,127,3
2,151,5
3,143,4
4,44,2
4,53,4
4,136,3
4,139,4
4,141,2
4,161,4
4,162,3
4,164,4
5,33,4
5,105,4
5,127,4
6,157,4
7,66,5
8,27,4
9,57,2
10,5,4
10,15,3
10,47,5
10,59,5
10,62,5
10,68,4
10,114,2
10,142,3
10,156,4
10,161,4
10,173,5
11,20,2
11,44,5
11,53,4
11,134,1
11,144,3
11,165,4
11,174,4
12,24,3
12,27,3
13,143,5
13,147,5
14,5,5
14,54,2
15,169,5
16,58,5
16,92,5
16,127,4
16,143,4
17,109,4
18,1,4
18,143,5
19,96,4
20,127,5
21,39,2
21,44,4
21,57,5
21,143,5
21,164,3
22,24,5
22,108,2
22,117,4
23,57,5
24,6,3
24,58,2
25,73,4
26,76,4
27,120,3
28,76,3
29,33,3
30,143,5
31,127,5
32,20,4
33,34,5
34,20,2
34,57,3
34,76,5
35,174,4
36,20,5
36,57,4
36,91,3
36,157,4
36,170,2
37,109,4
37,127,4
37,153,4
37,161,5
38,121,4
38,179,5
39,140,1
40,27,3
40,127,5
40,143,5
41,44,4
41,74,4
41,104,3
41,116,3
42,16,4
42,20,5
42,93,3
43,66,5
44,33,3
44,127,4
45,43,5
46,127,4
46,149,4
47,105,5
48,115,4
49,55,5
50,161,4
51,133,5
52,32,4
52,44,2
53,24,4
53,27,5
53,177,5
54,20,3
55,154,3
56,66,2
57,143,4
57,172,3
58,127,5
59,127,4
60,81,1
60,110,4
60,119,4
60,149,4
61,14,5
61,17,2
61,20,3
61,138,5
62,4,1
62,127,4
63,105,5
64,105,5
65,43,3
65,74,4
65,143,4
65,172,3
66,126,4
67,35,5
67,165,2
68,20,4
68,27,5
68,76,2
68,100,4
69,143,5
70,20,4
71,17,2
71,73,5
72,82,5
72,174,3
73,20,4
74,49,4
74,115,4
75,122,4
76,27,4
77,172,5
78,5,5
78,97,5
78,143,4
79,122,5
79,143,5
79,172,4
80,179,5
81,44,3
82,109,4
83,2,5
83,20,1
83,42,3
83,46,5
83,51,4
83,130,4
83,143,5
83,157,4
83,158,3
84,51,3
85,140,1
86,51,4
87,44,4
87,49,4
87,63,4
87,73,5
87,127,4
87,143,2
87,172,3
88,6,4
88,7,5
88,178,5
89,143,4
90,67,4
90,117,5
91,98,4
91,122,5
91,134,3
92,33,4
92,44,3
92,75,3
93,33,3
93,149,4
94,44,3
95,66,4
96,133,5
97,25,4
97,33,4
97,45,3
98,127,4
99,171,3
100,20,4
100,27,4
101,127,2
102,27,5
103,115,2
104,17,3
104,91,3
104,128,2
104,151,3
105,27,5
106,48,2
107,7,5
107,14,4
108,143,5
109,117,4
110,33,4
110,175,4
111,43,4
112,43,2
113,51,4
114,20,2
114,54,1
115,127,4
116,98,3
117,143,4
117,172,3
118,180,5
119,149,1
120,110,5
121,27,5
121,119,5
122,20,3
123,5,4
123,44,1
123,125,2
124,20,3
124,115,4
124,122,4
125,122,5
126,51,3
126,127,3
127,20,3
128,33,5
128,138,3
129,6,3
130,57,2
130,138,1
131,168,5
132,104,3
133,15,4
133,27,4
133,63,2
133,127,4
133,137,5
134,94,2
134,149,3
134,177,4
135,48,4
136,122,4
136,127,5
137,96,4
138,23,5
138,143,4
139,122,4
140,24,4
140,35,4
141,14,5
141,20,5
142,107,2
143,127,4
144,66,2
145,25,4
145,83,4
145,122,5
146,33,4
147,63,3
148,27,3
148,106,4
148,127,4
148,131,4
149,1,4
150,174,4
151,143,4
152,105,4
153,66,4
154,124,5
155,109,4
155,127,3
156,72,5
157,27,4
157,127,4
158,122,4
158,123,3
158,128,3
158,143,4
159,33,3
160,5,5
161,14,5
162,127,2
163,10,4
163,27,5
163,127,5
164,27,3
165,154,2
166,170,1
167,109,4
168,20,5
168,76,4
169,20,4
169,123,4
169,167,4
169,174,5
170,76,3
171,20,4
171,27,4
171,119,5
171,133,5
172,104,4
173,27,4
173,123,4
173,138,4
173,149,4
174,125,5
175,66,3
176,51,3
177,3,1
178,127,3
179,33,4
180,31,4
181,108,4
182,92,5
182,167,3
183,19,5
183,122,5
184,21,4
184,78,5
185,27,5
186,122,4
187,15,5
187,179,5
188,127,3
189,151,4
190,20,4
191,44,2
191,98,5
192,2,4
192,119,5
193,21,4
193,36,3
193,91,5
194,67,5
195,127,3
196,96,5
196,104,3
196,122,5
196,145,4
196,157,4
197,159,3
198,128,5
199,138,3
200,33,5
200,143,5
200,172,5
201,82,4
202,115,5
203,122,3
204,36,4
204,58,4
204,61,2
204,76,3
204,115,3
204,117,4
204,127,4
204,138,3
204,151,4
204,174,3
205,76,4
205,109,3
206,135,4
207,20,4
208,105,5
209,44,3
210,1,4
210,5,2
210,11,5
210,25,4
210,44,3
210,47,5
210,103,4
210,107,5
210,142,2
210,152,2
210,170,2
210,173,3
211,27,4
212,1,5
212,40,5
212,51,4
212,103,4
212,117,5
212,162,3
212,170,5
213,76,3
214,127,2
214,163,4
214,172,3
215,43,5
215,109,4
216,43,5
216,45,2
216,91,3
217,143,4
218,47,5
218,54,4
218,106,5
218,161,4
219,5,5
220,20,4
220,24,4
220,77,4
220,117,4
221,47,5
221,122,4
222,100,4
223,38,3
223,139,4
223,148,4
223,162,4
224,55,5
225,102,3
226,53,4
226,125,4
226,174,4
227,73,2
228,122,4
229,60,4
230,20,4
230,174,4
230,179,4
231,27,5
231,44,2
231,101,4
231,127,4
231,162,5
231,174,5
232,76,4
232,172,4
232,174,5
233,105,4
233,127,4
233,175,4
234,88,4
235,122,5
236,20,2
236,58,4
236,76,4
236,122,5
236,127,4
236,165,3
237,122,3
238,131,4
239,24,3
239,112,3
240,6,2
240,7,5
240,110,5
240,125,4
240,162,3
241,127,4
241,146,3
242,98,4
243,157,5
244,20,2
244,24,3
244,119,4
244,135,3
245,115,3
246,51,4
247,27,3
247,143,4
248,127,5
249,3,4
249,23,4
249,27,5
249,35,4
249,57,4
249,90,5
249,126,5
249,143,5
249,172,4
250,25,5
250,117,5
250,122,5
251,122,5
251,127,4
251,129,2
252,127,4
253,143,5
254,122,4
255,151,4
256,27,5
256,47,5
256,87,5
257,55,1
258,57,4
259,98,4
260,40,4
260,44,3
260,106,3
260,161,4
260,164,3
260,167,3
260,174,3
261,105,5
262,43,3
262,50,5
262,63,2
263,122,5
264,2,5
264,24,4
264,39,3
264,127,4
265,127,4
266,143,5
267,51,3
267,127,2
268,122,5
269,83,4
269,105,4
270,7,5
271,27,5
271,112,4
272,122,5
272,158,4
272,174,5
273,22,4
273,38,3
273,44,3
273,49,3
273,66,4
273,109,4
273,161,4
274,3,2
275,122,2
276,55,5
277,20,5
277,22,4
277,76,4
278,95,4
279,76,4
280,2,3
281,18,3
282,46,2
282,92,5
282,118,5
283,135,4
284,137,4
285,49,3
285,63,3
285,150,3
286,33,4
286,57,5
287,32,4
288,1,4
288,5,4
288,14,5
288,27,5
288,30,4
288,35,4
288,43,4
288,44,3
288,53,4
288,70,3
288,96,4
288,101,2
288,105,4
288,119,5
288,122,5
288,143,4
288,154,3
288,170,3
289,100,4
290,35,3
290,112,5
290,165,2
291,57,5
291,83,4
292,7,5
293,93,4
294,122,4
294,138,2
295,143,4
296,100,5
297,61,1
298,27,3
299,82,3
300,115,4
301,172,4
302,58,3
303,33,5
303,172,4
304,63,3
305,127,4
306,76,4
307,27,4
307,77,3
307,83,4
307,119,4
307,125,3
307,127,3
307,128,4
307,131,4
308,108,4
308,119,3
308,161,5
309,127,4
310,105,5
311,108,4
312,122,4
313,43,3
314,105,5
314,133,2
315,127,4
316,66,2
317,43,3
317,76,4
317,167,1
318,122,3
319,51,3
320,55,4
321,166,5
322,172,3
323,40,4
324,51,5
325,176,4
326,27,5
327,61,1
328,18,4
328,33,4
329,122,5
330,27,5
330,98,5
330,122,4
330,134,1
330,174,4
331,122,4
332,44,3
332,77,4
332,125,5
332,152,4
332,173,3
332,179,4
333,127,4
334,127,4
335,65,4
336,27,2
336,170,4
337,119,3
338,5,5
339,22,4
339,51,4
340,20,4
340,76,3
341,25,2
341,91,4
341,117,4
342,20,3
342,24,3
342,33,3
342,55,4
342,115,3
342,122,5
342,133,5
343,143,5
344,27,5
344,33,4
344,44,4
344,119,5
345,51,2
346,14,4
346,20,4
346,33,4
346,109,3
346,112,4
346,138,4
346,149,3
346,151,4
347,48,4
347,51,5
347,127,4
348,122,4
349,14,5
349,16,3
349,78,4
349,81,3
349,88,3
349,98,4
349,119,4
349,151,4
350,33,4
351,36,3
352,115,5
353,127,4
354,106,5
355,20,4
356,2,3
356,27,5
356,141,3
357,27,5
357,48,2
357,81,4
358,57,4
358,143,3
359,105,4
360,27,5
360,38,4
361,149,4
361,154,3
362,40,4
362,76,5
362,105,4
362,122,4
362,127,3
362,135,3
363,122,3
364,73,4
365,47,4
365,174,4
366,5,5
366,91,5
367,73,4
367,86,4
367,91,5
367,149,3
368,172,4
369,20,4
369,94,3
369,111,2
370,20,3
370,55,4
370,139,3
371,51,4
372,122,4
373,33,4
374,76,5
374,100,4
374,127,5
374,136,4
374,137,4
374,138,2
374,143,4
374,170,4
375,7,5
376,1,5
376,154,2
377,63,4
377,127,3
378,163,2
379,143,4
380,122,4
381,55,5
382,27,4
383,167,4
384,36,3
384,44,3
384,51,4
384,122,4
384,157,4
385,7,5
385,125,4
386,2,5
386,5,4
387,20,4
387,102,2
388,72,4
389,127,4
390,57,5
391,63,4
392,170,1
393,36,3
394,1,3
395,91,4
396,24,3
396,40,3
396,94,2
396,115,3
397,40,3
397,49,3
397,116,2
398,19,5
398,44,5
399,74,4
399,133,3
400,101,3
400,154,4
401,43,5
401,81,4
401,138,4
402,36,2
403,43,5
404,83,4
404,112,3
405,43,3
405,89,2
405,123,4
405,167,3
406,24,4
406,27,4
406,40,4
406,47,5
406,71,1
406,161,5
407,143,5
408,25,5
408,30,3
408,162,4
409,102,3
410,73,3
411,177,4
412,29,5
413,167,4
414,27,5
414,105,2
415,88,3
416,9,4
416,42,5
416,55,4
416,57,5
416,106,4
416,122,3
416,157,5
417,27,5
417,80,5
418,5,4
418,14,4
418,105,3
418,119,5
418,127,4
418,170,3
419,27,5
419,161,5
420,66,4
421,72,2
422,157,5
422,177,3
423,10,5
423,35,3
424,46,5
424,112,4
425,33,5
426,143,4
427,33,4
427,143,5
428,38,4
429,159,1
430,127,4
431,57,2
432,3,4
432,127,5
433,14,4
433,20,4
434,27,4
434,40,3
434,105,4
434,127,4
435,66,5
436,7,4
436,174,5
437,16,4
438,117,4
438,159,4
439,43,1
439,73,2
439,83,3
439,143,5
439,172,4
440,179,4
441,17,2
441,106,4
441,151,5
442,76,5
443,108,4
443,117,4
443,119,5
443,123,4
443,153,3
444,175,5
445,67,5
446,12,4
446,33,4
446,117,4
447,27,5
448,33,5
449,35,4
450,43,4
451,20,3
451,82,4
452,122,4
453,122,5
454,122,5
455,151,5
456,173,5
457,1,4
457,76,5
457,174,4
457,176,4
458,108,4
459,66,4
460,112,3
461,6,2
461,115,3
461,122,3
462,122,5
463,127,4
464,24,4
464,28,1
464,44,2
464,91,5
464,98,5
464,117,3
464,124,5
464,127,4
465,55,5
466,27,4
466,122,5
466,127,5
467,40,3
467,115,1
467,149,3
467,170,3
468,14,4
468,76,3
469,157,3
470,27,5
470,162,3
471,100,4
472,47,5
473,54,2
474,57,5
475,20,2
476,143,5
477,20,4
478,42,5
479,57,4
480,94,4
481,44,3
481,105,3
481,152,1
481,154,3
481,174,4
482,38,4
483,102,3
484,27,4
485,24,4
486,63,3
486,127,3
487,127,5
488,179,5
489,127,4
490,17,3
491,122,4
492,122,4
492,126,4
492,159,4
493,115,4
493,117,4
493,121,4
494,5,1
494,79,4
494,122,5
494,131,4
495,27,5
496,135,4
497,127,3
498,57,3
499,67,5
499,117,4
499,175,4
500,73,4
501,71,5
501,92,5
502,28,5
503,57,3
503,124,4
504,27,5
504,51,4
504,97,1
504,98,5
504,122,5
505,127,3
506,24,3
507,127,4
508,122,5
509,48,1
509,151,3
510,151,4
511,43,5
511,143,4
512,127,5
513,117,1
513,132,5
514,31,5
515,20,1
516,127,3
517,66,4
518,127,4
519,108,5
520,50,4
521,43,4
522,66,4
522,138,5
523,93,4
524,24,1
525,140,5
526,31,4
527,20,2
527,122,2
527,127,1
528,19,3
529,1,5
529,18,2
529,20,4
529,30,3
529,44,4
529,55,4
529,57,3
529,69,4
529,107,4
529,127,4
529,143,4
529,167,3
529,174,3
529,179,5
530,27,4
531,121,1
532,122,5
533,27,5
534,127,5
535,76,5
536,6,4
536,155,3
536,170,3
537,72,3
538,137,3
539,122,5
540,122,3
541,115,4
541,149,4
542,117,5
543,142,5
544,127,3
545,176,5
546,106,1
547,2,4
548,27,3
549,5,5
549,44,2
550,40,1
551,113,4
552,136,1
553,7,5
554,88,2
555,127,4
556,91,4
556,102,3
557,68,1
558,35,5
558,53,5
559,28,4
559,117,4
560,142,1
561,110,4
562,151,1
563,135,4
564,113,3
565,54,1
566,27,5
566,39,3
566,115,2
566,179,5
567,127,4
568,14,4
568,36,3
568,59,3
568,102,3
568,122,3
568,138,3
568,145,4
568,173,4
569,127,4
570,76,5
570,138,5
571,143,5
572,131,5
573,122,5
574,57,5
575,68,4
576,93,1
577,127,1
578,69,5
578,109,4
579,27,3
580,27,5
581,5,5
581,54,1
582,143,4
582,179,4
583,127,3
584,33,4
585,127,4
586,158,3
587,48,4
588,134,1
589,137,4
590,127,1
591,27,3
592,5,4
592,161,2
593,33,3
594,122,5
594,151,4
594,157,4
595,119,5
596,112,5
597,83,1
598,143,4
599,133,5
600,24,5
601,99,4
601,106,4
601,119,4
602,27,5
603,33,3
603,89,3
604,112,5
605,102,3
606,6,4
606,138,3
607,122,4
608,143,5
609,20,4
609,122,3
610,81,4
611,76,4
612,94,4
613,112,4
614,25,4
614,92,5
614,121,4
615,76,5
616,27,4
616,110,3
617,27,1
618,66,4
618,101,4
619,11,3
619,58,4
620,152,2
621,20,4
621,100,5
622,172,5
623,76,5
623,157,4
624,27,4
625,102,3
626,143,4
627,133,2
628,80,4
629,27,4
629,115,4
629,133,5
630,36,3
631,66,4
632,161,4
633,51,3
634,154,4
635,43,5
635,127,2
636,24,4
636,36,3
636,40,1
637,134,3
638,17,2
639,20,4
640,48,5
641,143,4
642,101,4
642,104,4
643,127,4
644,129,4
645,69,5
645,127,3
646,66,4
646,104,5
647,102,4
647,129,5
648,127,4
649,115,4
650,82,5
651,57,4
651,174,4
652,36,4
652,113,4
653,82,4
653,105,3
654,33,5
655,27,4
656,50,5
657,130,4
658,27,4
658,102,2
658,127,3
659,122,5
660,24,4
661,20,3
662,122,2
663,149,4
664,57,5
665,51,4
666,127,4
667,43,4
667,154,2
668,20,4
669,88,2
670,43,3
671,20,3
672,117,2
673,20,3
674,33,4
675,77,4
675,105,5
676,6,2
676,122,5
676,127,3
677,43,4
678,66,3
679,122,5
680,138,4
681,122,3
682,76,5
683,27,4
684,76,5
685,135,2
686,96,5
687,117,4
688,39,3
689,165,2
690,94,4
691,122,5
692,46,3
692,174,5
693,122,4
694,33,4
695,172,5
696,163,4
697,33,4
698,127,5
699,102,4
700,119,5
701,55,5
701,57,4
701,81,4
702,20,3
703,43,5
703,143,3
704,123,5
705,66,3
705,83,3
706,8,5
707,33,4
707,133,4
708,65,1
709,60,5
709,115,4
710,63,3
711,65,5
712,102,4
712,170,4
713,5,5
713,179,5
714,39,1
714,102,5
714,162,3
715,125,5
716,101,4
717,44,4
718,122,5
719,63,3
720,54,3
720,121,4
721,100,5
721,175,4
722,166,5
722,176,2
723,43,5
723,143,5
724,82,5
725,43,5
725,74,5
725,172,4
726,20,2
727,27,4
728,117,5
729,20,2
730,48,2
731,20,2
732,122,4
732,138,3
732,154,2
733,110,5
733,131,2
733,157,4
734,33,3
734,55,5
735,172,4
736,20,4
736,76,5
736,130,4
737,120,3
738,127,1
739,161,5
740,76,4
741,51,4
742,172,4
743,27,4
743,40,3
743,154,4
744,51,5
745,23,5
746,127,5
747,122,5
748,157,4
749,55,4
750,57,4
751,43,3
752,63,4
752,66,4
753,4,1
754,7,3
754,117,4
755,143,4
756,133,5
757,133,5
758,57,4
758,109,4
759,40,5
760,27,5
760,109,4
761,54,2
762,133,5
763,5,3
763,86,5
764,58,5
764,115,5
765,49,4
766,27,2
766,82,1
766,122,2
767,27,5
767,138,4
767,161,5
768,48,4
769,98,5
770,24,5
770,55,5
770,63,4
770,110,5
771,176,5
772,138,4
772,141,3
773,127,4
774,165,1
775,176,4
776,122,5
777,43,4
778,154,3
779,74,4
780,105,4
781,161,4
782,154,5
783,40,5
784,96,5
785,2,4
785,116,4
785,138,3
785,143,4
785,172,4
786,143,4
787,138,4
788,165,4
789,39,1
789,102,4
790,157,5
791,122,4
792,55,4
793,49,4
794,117,3
795,4,1
796,76,3
797,77,5
797,129,5
797,179,4
798,125,4
799,77,2
800,122,4
800,143,5
801,83,4
801,120,3
802,127,5
803,162,4
804,101,4
805,143,5
806,76,4
807,20,1
808,57,5
808,90,4
809,133,4
810,57,5
811,102,3
812,94,1
813,76,4
814,5,5
814,33,4
814,161,4
814,162,1
814,174,3
815,63,4
815,154,4
816,63,1
817,36,4
817,39,1
817,58,4
817,115,4
818,112,4
819,33,5
819,49,2
819,55,4
819,66,4
819,76,3
820,29,5
820,127,5
821,74,3
821,102,4
822,122,1
823,20,4
824,104,2
825,112,4
826,110,1
827,154,3
828,18,3
829,143,5
830,122,4
831,152,1
832,6,4
832,27,4
832,110,5
832,162,4
833,170,1
834,66,4
835,48,3
836,143,5
837,83,4
838,122,4
839,40,5
840,127,4
841,27,3
841,102,3
842,33,3
843,43,4
843,122,5
843,127,4
844,128,4
845,122,4
846,125,1
846,162,2
847,27,3
847,143,5
848,67,4
849,109,3
850,14,5
851,18,1
852,76,4
853,83,4
854,122,4
855,7,5
855,98,5
855,173,5
856,90,5
857,78,4
858,51,2
859,127,3
860,127,4
861,110,5
861,115,2
862,20,4
863,139,5
864,176,4
865,54,1
866,127,3
867,133,3
868,57,5
869,127,5
869,128,4
869,143,4
870,39,1
871,20,5
871,91,3
871,154,3
872,57,5
873,102,4
874,27,3
875,115,2
876,110,3
877,27,4
877,40,4
878,51,5
878,157,4
879,38,4
880,115,3
881,6,4
882,115,5
883,138,5
884,27,5
885,27,4
886,33,4
887,114,1
888,33,5
889,33,4
890,149,3
890,171,4
891,115,2
892,98,4
893,95,2
894,139,5
895,138,1
896,114,1
897,5,4
898,43,4
899,170,2
900,33,5
901,20,3
902,122,4
903,143,4
904,43,3
905,102,4
906,35,2
907,115,3
907,119,5
907,127,2
908,76,4
909,35,4
909,122,5
910,27,5
911,27,3
912,46,5
912,109,4
913,78,5
914,179,4
915,76,3
916,33,4
916,57,5
917,20,4
918,29,4
919,33,3
920,127,5
921,20,3
921,72,4
922,129,4
923,123,5
924,76,2
925,75,1
926,20,4
927,143,5
928,5,4
929,115,4
930,48,3
931,9,5
932,131,4
933,129,3
934,111,5
935,163,4
936,27,5
937,7,2
937,14,5
937,119,4
938,84,1
939,20,3
940,153,5
941,131,4
941,161,1
942,38,1
943,62,5
944,157,5
945,76,4
946,27,5
947,35,4
948,85,5
949,121,3
949,161,5
950,43,4
951,51,4
952,43,4
952,76,2
953,127,4
953,143,4
954,36,3
954,150,4
955,125,3
955,152,1
956,20,5
957,165,1
958,51,5
959,169,1
960,74,2
961,122,4
962,122,1
963,143,4
964,119,5
965,51,3
966,76,4
967,20,4
968,170,4
969,40,5
970,119,4
971,43,4
972,43,2
973,43,4
974,170,3
974,175,5
975,117,3
976,47,5
977,131,4
978,3,4
978,27,5
978,162,4
979,122,5
980,86,5
981,86,4
982,43,4
982,162,2
983,115,4
984,86,5
985,11,1
985,143,5
986,3,2
987,69,4
988,1,4
988,6,3
989,27,5
989,162,5
990,7,5
991,27,4
992,77,5
993,117,5
994,122,3
995,135,3
995,165,1
996,76,3
997,127,5
998,127,3
999,122,5
1000,115,4
1001,127,3
1002,28,1
1002,172,5
1003,20,2
1004,57,5
1005,95,4
1006,133,2
1007,20,4
1008,44,1
1009,4,1
1009,27,5
1010,154,5
1011,76,3
1012,119,5
1012,131,3
1013,27,4
1014,144,5
1015,143,5
1016,131,2
1017,167,5
1018,33,5
1019,33,4
1019,43,4
1019,56,4
1019,112,3
1020,129,4
1021,86,5
1022,115,2
1023,6,4
1024,57,3
1025,109,4
1025,127,3
1026,57,5
1026,127,3
1026,143,2
1027,35,4
1028,119,5
1029,113,2
1029,127,4
1029,167,4
1030,111,3
1031,66,4
1031,104,2
1031,172,3
1032,143,4
1033,56,2
1033,122,3
1034,100,4
1035,74,4
1036,51,4
1037,20,3
1038,143,5
1038,172,5
1039,109,5
1040,119,4
1041,127,2
1042,36,5
1043,115,5
1043,162,5
1044,149,3
1045,86,5
1046,76,5
1047,89,3
1048,48,3
1048,117,5
1048,128,1
1049,5,5
1050,66,5
1051,52,5
1052,134,3
1053,127,5
1054,127,4
1055,12,4
1056,121,2
1057,131,5
1058,143,4
1059,176,2
1060,34,3
1060,92,4
1061,47,5
1062,131,3
1063,62,5
1064,76,4
1065,127,3
1066,51,1
1067,154,3
1068,122,5
1069,51,3
1070,86,5
1071,7,5
1071,125,5
1071,131,5
1072,86,5
1073,138,2
1074,110,5
1075,29,5
1076,135,4
1077,117,3
1078,33,5
1078,119,4
1079,8,1
1079,179,3
1080,115,4
1081,27,5
1081,138,1
1082,143,5
1082,172,4
1083,133,5
1084,75,5
1085,76,2
1085,127,4
1086,27,5
1086,169,4
1087,97,5
1087,106,5
1088,179,5
1089,61,1
1090,89,3
1091,112,1
1092,84,1
1093,20,5
1093,127,5
1094,143,5
1094,172,4
1095,12,4
1096,86,5
1097,115,5
1098,35,5
1098,105,2
1099,27,5
1100,131,4
1101,57,5
1102,27,3
1103,75,1
1104,16,1
1105,51,4
1106,54,5
1106,131,5
1107,20,1
1108,20,4
1109,27,5
1110,143,5
1111,131,4
1112,86,5
1113,143,5
1114,143,2
1115,33,4
1116,154,2
1117,133,5
1118,72,4
1119,100,4
1120,65,2
1121,98,4
1122,14,5
1123,20,4
1124,105,5
1125,62,5
1126,76,4
1127,111,5
1128,98,4
1129,48,3
1130,33,4
1131,33,5
1132,131,5
1133,86,5
1134,84,1
1135,111,5
1136,27,4
1137,7,5
1138,104,3
1138,152,1
1139,156,5
1140,165,1
1141,6,5
1142,169,1
1143,27,4
1144,76,5
1145,18,5
1146,122,5
1147,1,4
1147,143,4
1148,76,5
1149,122,4
1150,27,5
1150,127,3
1151,143,5
1152,66,2
1153,27,5
1154,27,4
1154,115,3
1154,165,1
1155,105,4
1156,66,4
1157,122,4
1158,162,4
1159,59,4
1159,161,4
1160,147,1
1161,66,5
1162,122,4
1163,41,5
1163,115,3
1164,33,5
1165,102,4
1166,85,5
1167,63,3
1168,14,4
1169,127,2
1170,66,1
1171,179,4
1172,127,4
1173,66,4
1174,105,4
1175,40,4
1176,170,5
1177,179,5
1178,103,5
1178,105,5
1178,162,4
1179,5,5
1179,20,3
1179,40,3
1180,119,4
1181,127,4
1182,63,3
1182,76,3
1183,66,5
1184,27,5
1184,167,1
1185,20,5
1185,55,5
1186,66,5
1186,101,3
1187,170,5
1188,66,4
1189,66,4
1190,179,5
1191,143,4
1192,57,4
1193,122,5
1194,179,5
1195,101,4
1196,127,4
1197,117,5
1197,179,4
1198,66,3
1199,54,5
1200,7,5
1201,119,4
1202,102,4
1203,66,5
1204,102,1
1205,121,3
1206,127,2
1207,100,5
1208,162,4
1209,66,4
1210,163,5
1211,157,5
1212,66,4
1213,27,4
1213,165,3
1213,170,4
1214,157,5
1215,127,5
1216,66,4
1217,110,4
1218,154,3
1219,40,5
1220,143,4
1221,122,3
1222,66,5
1223,66,1
1224,66,2
1225,66,4
1226,66,4
1227,66,4
1228,122,5
1229,20,5
1230,102,5
1231,43,3
1231,127,3
1232,81,4
1233,66,5
1234,66,3
1235,88,4
1235,170,4
1236,44,4
1237,66,4
1238,33,4
1239,102,3
1240,66,1
1241,27,4
1241,112,3
1242,43,3
1242,66,5
1243,80,4
1243,122,5
1244,66,5
1245,57,5
1245,74,5
1246,109,3
1247,170,3
1248,143,5
1248,172,5
1249,63,3
1250,162,5
1251,177,1
1252,40,3
1252,122,2
1253,66,4
1254,102,2
1255,66,5
1256,127,3
1257,8,5
1258,20,3
1258,109,5
1259,170,4
1260,102,1
1261,20,3
1262,20,4
1263,102,1
1264,179,5
1265,27,5
1266,20,4
1266,43,3
1267,105,5
1268,122,5
1269,34,5
1270,102,1
1271,66,5
1272,102,4
1273,66,5
1274,117,4
1274,179,4
1275,102,4
1275,127,4
1276,179,5
1277,91,5
1277,102,3
1278,179,5
1279,66,3
1280,102,2
1281,66,5
1282,66,5
1283,66,4
1284,66,5
1285,170,1
1286,143,4
1287,91,4
1288,128,1
1289,135,4
1289,151,5
1290,29,3
1291,109,4
1292,170,5
1293,127,5
1294,122,5
1295,21,4
1296,66,3
1297,40,5
1298,66,2
1299,170,4
1300,34,4
1301,143,4
1302,66,5
1303,20,2
1304,38,3
1305,102,4
1306,102,5
1307,27,3
1308,148,4
1308,174,4
1309,100,5
1310,143,4
1311,57,4
1312,179,5
1313,51,4
1313,57,4
1314,162,3
1315,40,1
1316,27,5
1317,102,1
1318,76,3
1318,179,5
1319,109,4
1320,102,5
1321,102,3
1322,66,4
1323,66,5
1324,66,4
1325,33,4
1325,52,5
1325,102,5
1325,127,4
1325,133,5
1326,43,3
1327,49,1
1328,60,4
1329,179,5
1330,170,5
1331,27,4
1332,24,4
1333,33,4
1334,170,1
1335,27,4
1336,7,5
1337,179,2
1338,27,4
1339,179,1
1340,102,1
1341,145,5
1342,170,4
1343,66,5
1344,74,5
1344,112,2
1345,27,2
1346,179,4
1347,102,4
1348,66,4
1349,34,3
1350,179,4
1351,6,4
1351,170,1
1352,179,5
1353,66,2
1354,27,4
1355,101,1
1356,170,3
1357,170,5
1358,117,4
1359,66,4
1360,102,4
1361,69,5
1362,66,4
1363,6,3
1363,127,3
1364,171,1
1365,170,1
1366,112,4
1367,179,5
1368,102,4
1369,179,4
1370,115,2
1371,66,4
1372,6,3
1372,40,5
1372,162,3
1373,170,4
1374,179,5
1375,127,3
1376,170,1
1377,57,5
1378,170,2
1379,20,2
1379,105,5
1380,170,5
1381,66,5
1382,33,4
1383,170,5
1384,66,4
1385,49,2
1386,20,4
1386,167,3
1386,168,3
1387,102,1
1388,122,5
1389,27,3
1389,151,5
1390,20,4
1391,143,5
1391,172,5
1392,127,4
1393,10,5
1393,65,2
1393,174,5
1394,33,3
1395,20,4
1396,20,2
1397,162,3
1398,122,5
1399,138,2
1400,143,4
1401,143,4
1402,143,5
1403,143,5
1403,172,4
1404,17,1
1405,24,3
1406,64,1
1407,127,5
1408,69,5
1409,91,5
1410,175,1
1411,155,4
1412,151,3
1413,20,3
1414,124,5
1415,122,3
1416,127,4
1417,127,3
1417,172,4
1418,162,3
1419,122,4
1420,105,4
1421,122,2
1422,5,5
1422,7,4
1422,122,4
1423,34,5
1423,112,5
1424,145,3
1425,138,1
1426,7,4
1426,125,4
1427,122,4
1428,33,3
1429,109,3
1430,20,2
1431,33,5
1432,127,4
1433,143,4
1434,76,5
1435,119,5
1436,143,4
1437,127,5
1438,127,4
1439,27,5
1440,60,5
1441,19,3
1442,5,5
1443,106,3
1444,9,5
1445,143,5
1446,33,5
1447,33,5
1448,122,5
1449,125,5
1449,127,4
1450,115,4
1451,127,2
1452,110,4
1453,11,1
1454,36,2
1455,98,5
1456,60,4
1456,76,4
1457,133,5
1458,127,4
1459,73,5
1460,122,4
1461,98,3
1462,143,5
1463,109,4
1464,100,5
1465,6,4
1466,119,4
1467,41,2
1468,33,5
1469,27,4
1470,27,4
1471,27,4
1472,36,4
1473,20,4
1474,106,1
1475,57,5
1476,127,4
1477,122,5
1478,14,4
1479,60,5
1479,157,5
1480,119,5
1481,117,4
1482,174,5
1483,100,5
1484,34,3
1484,115,4
1484,122,5
1484,127,4
1484,153,4
1485,27,5
1486,91,5
1487,51,5
1488,27,1
1489,45,4
1490,27,5
1491,106,3
1492,17,1
1493,110,5
1494,127,3
1495,6,5
1496,143,2
1497,127,3
1498,43,3
1498,109,4
1499,117,5
1500,172,5
1501,20,4
1501,101,5
1502,20,4
1502,148,4
1503,127,4
1504,43,5
1505,149,5
1506,7,5
1506,125,3
1507,38,4
1507,39,3
1508,127,5
1509,98,4
1509,119,5
1510,115,3
1511,143,4
1512,149,5
1513,8,3
1514,74,5
1514,143,4
1515,127,4
1516,143,4
1517,122,5
1518,149,3
1519,4,1
1519,149,3
1520,27,3
1521,61,5
1521,143,5
1522,20,5
1523,87,5
1524,149,4
1525,149,4
1526,153,5
1527,122,4
1528,127,5
1529,127,2
1530,121,3
1531,125,5
1532,28,4
1532,105,4
1533,146,2
1534,76,3
1534,136,4
1535,27,3
1536,57,3
1537,27,4
1538,135,1
1539,149,4
1540,33,5
1541,57,5
1542,74,5
1542,149,4
1543,127,3
1544,149,4
1545,149,4
1546,33,4
1546,149,4
1547,55,4
1547,57,4
1548,127,5
1549,149,3
1550,27,4
1551,149,5
1552,162,5
1553,110,5
1554,96,2
1555,149,2
1556,117,4
1557,151,3
1558,109,3
1559,40,3
1560,122,4
1560,149,4
1560,163,4
1561,57,3
1562,100,4
1563,7,4
1564,42,4
1564,44,3
1565,74,5
1565,143,5
1566,149,4
1567,122,5
1568,149,4
1569,149,4
1570,20,3
1571,145,4
1572,115,3
1572,127,4
1573,149,4
1574,67,5
1575,43,4
1576,27,4
1576,149,2
1577,135,2
1578,27,5
1579,115,5
1580,19,3
1581,149,4
1582,54,1
1582,105,4
1583,149,5
1584,28,4
1585,8,5
1586,109,4
1587,27,5
1588,20,4
1589,108,3
1590,122,5
1591,33,5
1592,112,5
1593,122,4
1594,149,3
1595,67,5
1596,105,5
1597,119,4
1598,127,4
1599,129,2
1600,33,5
1601,37,3
1602,153,5
1603,153,4
1604,162,3
1605,81,5
1606,127,4
1607,143,5
1608,127,2
1608,143,1
1609,108,5
1610,63,1
1611,20,1
1612,28,5
1613,33,4
1614,122,3
1615,117,4
1616,127,4
1617,125,5
1618,143,3
1619,127,5
1620,117,4
1621,153,3
1622,55,5
1623,57,5
1624,109,3
1625,117,1
1626,168,4
1627,122,5
1628,143,5
1629,65,3
1630,19,4
1631,166,5
1632,143,4
1633,143,5
1633,172,4
1634,20,3
1634,119,4
1635,119,5
1636,41,4
1636,57,4
1637,162,4
1638,133,4
1639,122,3
1640,122,3
1641,127,5
1642,119,5
1643,119,5
1644,119,4
1645,122,4
1646,153,3
1647,112,3
1648,95,5
1648,177,4
1649,76,4
1650,127,5
1651,63,2
1651,143,5
1652,127,2
1653,100,5
1654,109,4
1654,127,5
1655,122,5
1656,162,2
1657,27,5
1658,119,3
1659,154,4
1660,57,5
1661,127,4
1662,153,4
1663,76,3
1664,29,5
1665,115,3
1666,127,5
1667,119,5
1668,127,5
1669,152,1
1670,127,5
1671,20,4
1672,100,4
1673,153,5
1674,127,3
1675,57,3
1675,143,5
1676,119,5
1677,122,5
1678,28,5
1679,27,4
1679,43,4
1679,143,4
1680,33,4
1681,36,3
1681,38,4
1682,33,5
1682,105,5
1683,33,5
1684,33,5
1685,153,2
1686,138,4
1687,100,5
1687,133,5
1688,153,4
1689,57,5
1690,20,4
1691,45,4
1692,127,5
1693,74,4
1694,144,4
1695,109,4
1696,20,4
1697,63,3
1698,5,5
1698,20,4
1699,20,5
1699,122,5
1700,100,5
1701,127,3
1702,28,1
1703,33,5
1704,127,5
1705,119,4
1706,119,4
1707,110,5
1708,122,5
1709,127,3
1710,7,4
1710,145,5
1711,15,4
1712,143,5
1713,74,5
1714,127,4
1715,76,3
1716,175,3
1717,48,3
1718,101,4
1719,57,5
1720,29,4
1721,55,5
1722,33,4
1722,122,5
1723,27,5
1724,133,5
1725,143,1
1726,110,5
1726,145,5
1727,122,5
1728,145,5
1729,43,5
1730,122,5
1731,127,5
1732,100,3
1733,174,5
1734,143,3
1735,122,5
1736,60,5
1737,127,1
1738,46,5
1739,38,5
1740,27,4
1741,43,2
1742,145,4
1743,33,5
1744,143,4
1745,115,4
1746,143,5
1747,97,5
1748,51,5
1749,27,5
1750,127,5
1750,154,4
1751,33,3
1752,27,4
1753,151,5
1754,105,5
1755,127,4
1756,143,5
1757,92,3
1758,145,5
1759,50,5
1760,55,5
1761,33,4
1762,20,3
1762,122,3
1763,33,1
1764,176,4
1765,54,2
1766,143,5
1767,101,5
1768,69,5
1769,20,5
1770,138,3
1771,69,4
1772,13,5
1773,55,4
1774,76,3
1774,163,4
1775,127,5
1776,27,4
1777,24,1
1778,122,1
1779,105,5
1780,127,5
1781,172,5
1782,48,4
1783,121,1
1784,145,5
1785,105,5
1786,57,4
1787,79,5
1788,7,5
1789,127,1
1790,29,3
1791,20,4
1792,20,1
1793,57,4
1793,157,5
1794,7,5
1795,29,4
1796,27,4
1797,74,4
1797,143,5
1798,67,5
1799,157,4
1800,20,5
1801,157,4
1802,117,4
1803,29,2
1804,162,3
1805,157,5
1806,64,1
1807,33,3
1807,127,2
1808,20,5
1809,57,5
1810,27,4
1811,27,5
1812,24,3
1813,29,5
1814,133,3
1815,24,4
1816,157,5
1817,157,4
1818,24,4
1819,29,5
1820,157,1
1821,157,5
1822,157,5
1823,20,5
1824,29,5
1825,24,3
1826,33,5
1827,24,5
1828,58,4
1829,122,5
1830,122,4
1831,7,5
1832,20,5
1833,27,5
1834,6,3
1834,40,3
1835,33,4
1836,117,3
1837,7,5
1837,77,3
1837,78,4
1837,105,5
1837,110,4
1838,20,4
1839,27,4
1840,27,3
1841,33,4
1842,24,3
1843,24,4
1844,122,4
1845,108,4
1846,143,4
1847,7,4
1848,157,5
1849,127,5
1850,20,5
1851,33,5
1852,143,4
1853,157,5
1854,125,2
1855,57,5
1856,24,2
1857,133,4
1858,143,5
1859,29,4
1860,29,3
1860,146,1
1861,33,5
1862,69,4
1862,150,3
1863,24,4
1864,157,4
1865,122,3
1866,127,5
1867,157,5
1868,122,3
1869,143,5
1870,24,5
1871,33,4
1872,162,3
1873,51,5
1874,24,5
1875,172,5
1876,40,3
1877,157,3
1878,157,5
1879,24,4
1880,33,5
1881,51,2
1882,157,3
1883,33,5
1884,122,5
1885,101,2
1886,165,4
1887,7,4
1888,24,5
1889,157,4
1890,39,4
1891,112,2
1892,127,3
1893,127,3
1894,127,4
1895,109,3
1895,127,4
1896,33,5
1897,143,5
1898,127,5
1899,166,5
1900,13,5
1901,143,5
1902,97,5
1903,143,5
1904,127,5
1905,97,5
1906,33,4
1907,63,2
1908,143,3
1909,45,3
1910,8,5
1911,76,4
1912,122,4
1913,20,3
1914,43,4
1915,57,4
1916,122,4
1917,73,5
1918,3,1
1919,6,3
1920,73,5
1921,3,4
1922,7,5
1923,97,5
1924,97,5
1925,117,4
1925,122,5
1926,127,4
1927,55,5
1928,3,4
1929,55,5
1930,8,5
1931,116,5
1932,57,5
1933,143,5
1934,133,5
1935,7,5
1936,97,5
1937,143,4
1938,51,3
1939,55,5
1939,57,5
1940,117,2
1941,127,5
1942,57,5
1943,143,3
1944,78,3
1945,165,1
1946,33,4
1947,127,5
1948,115,4
1949,43,3
1950,127,4
1951,76,5
1952,3,3
1953,20,4
1954,2,2
1955,27,5
1956,150,3
1956,172,4
1957,165,5
1958,7,4
1959,127,5
1960,8,5
1961,8,5
1962,91,4
1963,3,5
1964,3,2
1965,127,5
1966,97,5
1967,33,4
1968,108,4
1969,57,4
1970,60,5
1971,74,3
1971,143,4
1972,154,3
1973,22,4
1974,127,3
1975,172,4
1976,138,4
1977,20,4
1978,127,4
1979,55,4
1980,127,4
1981,51,5
1982,105,5
1983,127,2
1984,122,4
1985,161,4
1986,172,3
1987,55,5
1988,122,5
1989,127,2
1990,88,4
1991,143,4
1991,172,4
1992,143,4
1993,60,5
1994,5,5
1995,162,2
1996,127,3
1997,33,5
1998,64,1
1999,57,5
2000,100,5
2001,143,5
2001,172,4
2002,122,3
2003,55,5
2004,25,5
2005,56,2
2006,105,5
2007,96,3
2008,142,1
2009,25,2
2010,46,1
2011,27,1
2012,127,5
2013,41,1
2014,63,4
2015,110,5
2016,122,3
2017,14,5
2018,57,4
2019,110,4
2020,122,3
2021,78,5
2022,74,2
2023,172,3
2024,76,3
2025,126,5
2026,127,2
2027,19,4
2027,26,1
2028,2,5
2029,49,5
2030,20,3
2030,27,4
2031,7,5
2032,77,2
2033,25,5
2034,127,4
2035,25,5
2036,27,4
2037,127,1
2038,154,5
2039,20,4
2040,57,4
2041,143,5
2042,143,5
2043,76,4
2044,33,5
2045,156,4
2046,48,2
2047,88,5
2048,118,5
2049,27,5
2050,20,3
2051,166,5
2052,138,4
2053,112,1
2054,33,5
2055,112,4
2056,135,1
2057,127,4
2058,34,5
2059,112,4
2060,112,5
2061,115,1
2061,122,5
2062,112,4
2063,127,4
2064,122,4
2065,26,1
2066,47,5
2066,174,4
2067,27,3
2068,27,5
2069,127,5
2069,138,4
2070,55,5
2071,112,5
2072,49,4
2073,78,5
2074,125,1
2075,20,4
2076,76,5
2077,135,3
2078,143,5
2079,127,1
2080,127,4
2081,33,2
2082,20,4
2083,127,4
2084,127,4
2085,95,4
2086,44,4
2087,122,5
2088,55,5
2089,27,4
2089,127,4
2090,57,4
2091,39,1
2092,110,5
2093,162,1
2094,160,3
2095,127,3
2096,88,1
2097,109,1
2098,118,1
2099,122,4
2100,34,5
2101,20,4
2102,122,2
2103,57,5
2104,110,5
2105,34,4
2106,74,3
2107,39,1
2108,127,4
2109,34,4
2110,154,1
2111,33,5
2112,117,4
2113,122,4
2114,175,5
2115,34,5
2116,96,2
2117,43,4
2118,56,4
2119,122,2
2120,127,5
2121,127,4
2122,27,4
2123,104,2
2124,67,5
2125,20,4
2126,127,5
2127,20,2
2127,52,1
2128,74,4
2129,2,4
2130,180,1
2131,37,5
2131,57,5
2132,96,2
2133,43,4
2134,96,1
2134,99,5
2135,33,5
2136,34,3
2137,165,2
2138,178,5
2139,138,3
2140,105,5
2141,127,4
2142,96,3
2143,76,4
2144,5,5
2145,43,3
2146,33,4
2147,69,4
2148,76,4
2149,133,3
2150,69,5
2151,43,5
2152,105,5
2153,5,5
2154,76,2
2155,76,3
2156,115,5
2157,76,2
2158,147,4
2159,55,5
2160,55,4
2161,76,3
2162,143,5
2163,5,5
2164,76,5
2165,43,4
2166,76,1
2167,57,4
2168,39,5
2169,27,4
2170,76,4
2171,39,1
2172,76,5
2173,76,3
2174,105,4
2175,76,4
2176,43,5
2177,49,3
2177,109,4
2178,39,5
2179,162,5
2180,76,5
2181,20,4
2182,76,4
2183,57,4
2184,127,4
2185,5,5
2186,127,2
2187,76,5
2188,5,3
2189,5,5
2190,50,5
2191,176,2
2192,27,5
2193,154,2
2194,76,5
2195,109,5
2196,121,2
2197,76,5
2198,39,2
2199,127,3
2200,76,2
2201,168,3
2202,162,4
2203,39,4
2204,105,5
2205,43,4
2206,76,3
2207,43,4
2208,48,5
2209,33,4
2210,5,5
2210,20,2
2211,104,4
2212,39,5
2212,127,5
2213,76,5
2214,180,1
2215,19,3
2216,43,1
2217,76,5
2218,76,5
2219,48,2
2220,43,2
2221,121,3
2222,27,5
2223,143,3
2224,76,2
2224,127,4
2225,105,5
2226,121,3
2227,39,1
2228,109,4
2229,27,5
2230,109,4
2231,27,4
2232,5,5
2233,76,5
2234,43,2
2234,61,1
2234,103,4
2235,33,4
2235,127,4
2236,98,5
2236,122,5
2237,76,3
2238,38,3
2239,20,4
2240,109,1
2241,55,5
2242,33,4
2243,122,4
2244,33,5
2244,127,4
2245,7,4
2246,57,5
2247,127,5
2248,63,2
2249,33,4
2250,109,4
2251,122,5
2252,33,4
2253,109,1
2254,99,5
2255,122,3
2256,117,5
2257,20,5
2258,127,5
2259,117,5
2260,127,4
2261,14,5
2262,122,5
2263,20,1
2264,20,3
2265,98,5
2266,108,5
2267,33,4
2268,51,4
2269,54,3
2270,20,4
2271,20,1
2272,40,1
2273,165,4
2274,158,3
2275,48,3
2276,127,4
2277,162,1
2278,78,1
2279,99,4
2280,117,5
2280,176,5
2281,65,3
2282,133,3
2283,27,4
2284,122,5
2285,37,4
2286,127,5
2287,57,5
2288,13,5
2289,33,5
2290,100,3
2291,20,3
2291,122,5
2292,100,2
2293,100,4
2294,100,5
2295,100,5
2296,33,4
2297,122,4
2298,33,5
2299,27,5
2300,100,4
2301,6,5
2302,122,4
2303,100,5
2304,127,3
2305,133,5
2306,105,4
2307,127,3
2308,100,5
2309,166,5
2310,122,4
2311,27,3
2312,33,5
2313,41,5
2314,41,5
2315,69,5
2316,40,5
2317,115,4
2318,127,5
2319,178,5
2320,162,5
2321,125,5
2322,20,4
2323,100,5
2324,27,4
2325,23,1
2326,100,3
2327,20,3
2328,33,5
2329,33,5
2330,98,5
2331,57,5
2332,33,5
2333,33,4
2334,33,5
2335,33,5
2336,33,5
2337,33,4
2338,33,5
2339,33,5
2340,146,2
2341,33,5
2342,129,1
2343,69,5
2344,33,4
2344,109,3
2345,20,4
2346,33,5
2347,127,3
2348,33,5
2349,7,4
2350,45,2
2351,33,3
2352,127,1
2353,33,4
2354,33,4
2355,15,4
2356,27,1
2357,33,4
2358,33,5
2359,33,5
2360,33,4
2361,143,5
2362,33,5
2363,33,5
2364,33,5
2365,33,1
2366,33,5
2367,33,1
2368,33,3
2369,85,1
2370,27,5
2371,33,4
2372,45,3
2373,33,4
2374,33,5
2375,33,4
2376,33,4
2377,33,4
2378,33,5
2379,127,4
2380,33,4
2381,127,4
2382,51,4
2383,33,5
2384,127,3
2385,51,1
2386,33,4
2387,33,2
2388,85,1
2389,33,5
2389,38,4
2390,33,5
2391,33,5
2392,33,4
2393,33,5
2394,33,5
2395,33,5
2396,127,5
2396,130,5
2397,115,5
2398,33,4
2399,122,5
2400,33,4
2401,33,5
2402,33,5
2403,127,4
2404,33,5
2405,161,5
2406,33,3
2407,33,5
2408,33,5
2409,127,4
2410,105,3
2411,33,4
2412,33,5
2413,33,5
2413,163,5
2414,33,4
2415,33,5
2416,82,5
2417,162,1
2418,33,4
2419,33,5
2420,7,5
2421,50,5
2422,33,5
2423,33,5
2424,57,5
2424,143,4
2425,161,4
2426,115,4
2427,115,5
2428,57,5
2429,51,1
2430,115,3
2431,27,4
2432,57,4
2433,165,1
2434,127,3
2435,27,5
2436,20,5
2437,133,5
2438,104,4
2439,105,5
2440,27,5
2441,57,4
2442,161,1
2443,32,5
2444,37,2
2445,20,4
2446,7,4
2447,115,5
2448,65,5
2449,20,5
2450,31,5
2451,20,5
2452,117,2
2453,51,5
2454,20,5
2455,51,5
2456,117,5
2457,57,5
2458,57,5
2459,57,5
2460,167,5
2461,20,5
2462,117,4
2463,117,2
2464,122,5
2465,20,4
2466,110,5
2467,117,5
2468,20,2
2468,115,3
2469,57,4
2470,51,1
2471,20,5
2472,20,2
2473,115,2
2474,57,5
2475,20,5
2476,20,4
2477,105,5
2478,117,5
2479,127,4
2480,117,5
2481,20,4
2482,51,2
2483,20,5
2484,20,4
2485,127,5
2486,57,5
2487,27,5
2488,138,2
2489,143,2
2490,20,3
2491,73,4
2492,127,5
2493,115,3
2494,19,4
2495,20,5
2496,57,5
2497,105,5
2498,51,2
2499,20,2
2500,20,4
2501,117,1
2502,161,5
2503,57,5
2504,63,4
2505,87,5
2506,117,3
2507,50,5
2508,51,4
2509,117,4
2510,115,4
2511,20,3
2511,122,4
2512,20,4
2513,155,4
2514,7,5
2515,20,5
2516,20,4
2517,101,4
2518,7,5
2519,57,5
2520,27,5
2521,57,4
2522,57,5
2523,113,3
2523,122,4
2524,57,5
2525,36,1
2526,127,5
2527,20,1
2528,122,1
2529,20,2
2530,105,2
2531,105,2
2532,51,5
2533,57,3
2534,117,4
2535,127,3
2536,20,5
2537,65,2
2538,27,4
2539,61,5
2540,38,4
2541,73,4
2542,133,2
2543,133,5
2544,122,3
2545,133,3
2546,133,5
2547,143,4
2548,105,5
2549,177,4
2550,11,5
2551,165,1
2552,162,1
2553,27,5
2554,105,3
2555,36,2
2556,110,5
2556,133,5
2557,129,5
2558,127,5
2559,105,5
2560,65,2
2561,105,5
2562,101,5
2563,162,2
2564,105,5
2565,133,1
2566,133,1
2567,27,5
2568,133,5
2569,65,2
2570,122,4
2571,165,2
2572,133,5
2573,88,4
2574,133,5
2575,105,4
2576,122,5
2577,154,5
2578,129,5
2579,127,4
2580,165,1
2581,165,1
2582,27,4
2583,165,2
2584,55,1
2585,129,2
2586,69,5
2587,129,1
2588,65,1
2589,50,1
2590,65,2
2591,65,2
2592,105,5
2593,36,5
2594,65,1
2595,133,5
2596,165,2
2597,105,5
2598,127,4
2599,122,5
2600,177,4
2601,105,5
2602,129,5
2603,133,5
2604,105,5
2605,105,5
2606,129,1
2607,65,2
2608,143,4
2609,127,4
2610,63,2
2611,7,5
2612,108,5
2613,36,4
2614,122,5
2615,6,4
2616,122,4
2617,27,3
2618,122,5
2619,73,3
2620,109,5
2621,146,1
2622,127,4
2623,108,4
2624,154,1
2625,49,1
2626,7,5
2627,130,4
2628,154,3
2629,122,4
2630,6,4
2631,6,5
2632,122,4
2633,6,1
2634,7,5
2635,122,4
2636,162,2
2637,6,1
2638,127,4
2638,155,4
2639,154,4
2640,36,1
2641,122,4
2642,2,4
2643,143,5
2644,27,5
2645,176,1
2646,7,5
2647,110,3
2647,125,5
2648,71,2
2649,19,1
2650,73,5
2651,110,2
2652,160,4
2653,2,3
2654,176,5
2655,2,4
2656,79,5
2657,7,5
2658,7,5
2659,2,1
2660,136,1
2661,160,1
2662,138,5
2663,122,5
2664,127,5
2665,48,1
2666,110,5
2667,110,5
2668,127,5
2669,156,5
2670,7,2
2671,110,3
2672,7,5
2673,176,5
2674,7,5
2675,79,1
2676,143,4
2677,176,2
2678,7,5
2679,50,5
2680,2,5
2681,127,2
2682,69,5
2683,69,3
2684,69,5
2685,104,5
2686,127,4
2687,180,1
2688,95,2
2689,69,5
2690,127,4
2691,69,5
2692,69,5
2693,127,4
2694,175,5
2695,138,5
2696,69,4
2697,69,4
2698,27,1
2698,123,2
2699,69,4
2700,63,1
2701,127,5
2702,69,5
2703,175,4
2704,175,4
2705,37,4
2705,48,4
2706,127,4
2707,48,3
2708,122,5
2709,113,1
2710,163,1
2711,109,1
2712,91,3
2713,55,5
2714,166,5
2715,122,4
2716,127,4
2717,138,1
2718,138,4
2719,48,3
2720,27,2
2721,48,5
2722,48,1
2723,122,5
2724,91,5
2725,55,5
2726,127,4
2727,104,2
2728,104,1
2729,63,3
2730,122,5
2731,128,3
2732,143,5
2733,27,5
2734,27,3
2735,27,4
2736,104,5
2737,101,3
2738,143,5
2739,22,4
2740,125,5
2741,88,3
2742,122,4
2743,4,1
2744,88,4
2745,104,2
2746,55,5
2747,122,5
2748,91,5
2749,127,5
2750,55,5
2751,27,4
2752,138,2
2753,127,5
2754,55,5
2755,127,3
2756,55,1
2757,122,4
2758,122,5
2759,127,4
2760,27,5
2761,55,5
2762,122,4
2763,142,1
2764,55,4
2765,143,4
2766,143,5
2767,143,5
2768,101,4
2769,127,4
2770,27,5
2771,127,4
2772,143,5
2773,44,1
2774,64,1
2775,122,5
2776,143,4
2777,64,1
2778,27,5
2779,27,4
2780,143,5
2781,64,5
2782,127,1
2783,143,5
2784,109,1
2785,127,2
2786,127,5
2787,127,4
2788,27,5
2788,127,2
2789,127,5
2790,127,5
2791,70,1
2792,127,4
2793,127,4
2794,122,5
2795,127,1
2796,127,5
2797,127,5
2798,127,2
2799,127,3
2800,127,4
2801,109,3
2802,138,3
2803,127,5
2804,127,5
2805,127,5
2806,138,1
2807,127,2
2808,109,5
2809,27,3
2810,127,4
2811,127,5
2812,162,1
2813,127,4
2814,70,5
2815,127,3
2816,162,1
2817,138,1
2818,127,5
2819,127,5
2820,127,4
2821,127,2
2822,127,5
2823,127,5
2824,127,4
2825,162,1
2826,127,5
2827,127,4
2828,162,2
2829,138,1
2830,127,5
2831,127,5
2832,127,4
2833,127,5
2834,127,5
2835,127,5
2836,127,5
2837,162,4
2838,109,5
2839,109,3
2840,127,5
2841,125,5
2842,138,1
2843,27,5
2844,132,5
2845,162,5
2846,127,5
2847,127,5
2848,132,3
2849,127,4
2850,127,5
2851,162,4
2852,127,5
2853,127,5
2854,138,2
2855,138,3
2856,127,5
2857,166,5
2858,150,5
2859,44,1
2860,27,5
2861,4,1
2862,4,1
2863,4,1
2864,40,5
2865,148,5
2866,150,5
2867,31,4
2868,31,3
2869,122,3
2870,19,2
2870,31,4
2871,27,4
2872,101,4
2873,1,5
2874,98,5
2875,166,5
2876,47,3
2877,21,5
2878,27,3
2879,98,5
2880,125,5
2881,77,5
2882,125,2
2883,166,5
2884,47,5
2885,27,4
2886,123,1
2887,21,5
2888,27,1
2889,122,5
2890,122,5
2891,27,5
2892,122,5
2893,122,4
2894,77,4
2895,122,3
2896,77,2
2897,73,1
2898,122,4
2899,146,1
2900,27,1
2901,19,5
2902,19,5
2903,122,4
2904,27,4
2905,122,5
2906,27,5
2907,122,4
2908,27,5
2909,27,5
2910,73,5
2911,40,5
2912,122,5
2913,122,4
2914,101,1
2915,122,5
2916,122,5
2917,122,5
2918,122,5
2919,27,3
2920,77,5
2921,27,5
2922,122,5
2923,27,5
2924,122,1
2925,122,5
2926,27,5
2927,73,1
2928,27,5
2929,122,5
2930,27,5
2931,27,5
2932,27,4
2933,27,5
2934,122,5
2935,27,5
2936,27,5
2937,122,5
2938,27,5
2939,19,2
2940,122,3
2941,27,5
2942,122,5
2943,27,5
2944,27,5
2945,27,5
2946,19,4
2947,37,2
2948,27,5
2949,19,1
2950,174,4
2951,77,5
2952,122,5
2953,19,3
2954,122,4
2955,37,3
2956,122,2
2957,40,1
2958,27,3
2959,27,4
2960,122,4
2961,80,2
2962,122,5
2963,40,1
2964,27,5
2965,27,4
2966,122,5
2967,73,5
2968,26,1